1345653346
4152245727
3262896428
3053871446
1233405520
698597607
1888751225
2901385845
2206157852
1756492903
2955164179
4001702089
3818288892
3170737967
1176212751
3726056920
1466050911
164475148
3109566635
3129313620
629792506
594595743
1747669499
2809083302
733842913
1246113967
1174020047
3653697686
560009154
1874849985
738958767
3612940395
1172356396
762280926
3552312003
291614448
3010196239
4145057848
3783227865
1021693483
4253068243
344839309
4009297555
4159937995
301304660
2082344710
4164743915
3321998360
3940199363
3617483047
2156576023
1718306532
3297304411
466298504
184835495
1102466512
157781075
3309840810
3950684678
2494140191
1736653738
899252168
2057060880
2729274095
3515420682
3810680720
2113939858
1742676128
2761534603
1665554205
3295559138
408704495
2579200494
2807100151
2580296824
4274642090
3515105646
956442815
2952363905
3640865906
250814171
416158573
720208946
1321494079
950329373
3181710281
2303665169
2277281059
2031014368
1628400045
4174447980
3910659637
343054198
3460079464
2385350541
436591866
3499483737
3111676098
4041368483
950399285
1197186069
2009152430
1031157458
370595301
795561798
1212961080
1244887901
1456030410
2781217321
883720850
3533289331
1363656453
1922867914
2354534359
2367076566
101977823
3505573216
449024658
1804789751
2752922276
2128982643
3064017099
1021044971
2900487479
1633137418
3202118243
1501574501
3009455834
1028154203
3389577834
4164310405
3913788495
3057542461
1689110736
3748655508
3592029316
4122244228
636485039
3103293004
1311447436
446127994
4146969971
389972435
4189848901
3863336930
2787390476
1337127099
1321089057
2195666901
1483710749
996882276
519635200
86142233
856902312
3487467314
3295919228
1240825678
2141686356
1503764267
2525042985
3271503688
2624572804
4285688563
1709368023
3880176647
1508702260
3521516008
156527542
3907684841
4250854405
2386832276
1618294162
2843008200
1373409430
1652192777
671804613
812701982
3360716359
213513308
2627856708
669607938
471094366
2208821226
55611666
2277362545
4177343179
3987501866
459142894
1277431018
1518190727
3834604210
1898489134
1262956125
2872686309
4151932536
4048811134
